1479	190
1480	155
1481	178
1482	374
1483	3
1484	257
1485	516
1486	466
1487	369
1488	421
1489	210
1490	391
1491	436
1492	438
1493	560
1494	464
1495	614
1496	503
1497	348
1498	653
1499	420
1500	442
1501	47
1502	271
1503	318
1504	205
1505	323
1506	383
1507	47
1508	276
1509	448
1510	137
1511	463
1512	477
1513	410
1514	25
1515	341
1516	1193
1517	916
1518	361
1519	166
1520	259
1521	446
1522	527
1523	433
1524	234
1525	515
1526	435
1527	672
1528	622
1529	513
1530	291
1531	666
1532	276
1533	60
1534	416
1535	231
1536	566
1537	199
1538	281
1539	550
1540	430
1541	295
1542	523
1543	315
1544	240
1545	337
1546	145
1547	394
1548	422
1549	238
1550	122
1551	343
1552	92
1553	524
1554	77
1555	438
1556	465
1557	335
1558	454
1559	232
1560	315
1561	641
1562	896
1563	638
1564	349
1565	557
1566	291
1567	427
1568	550
1569	387
1570	191
1571	304
1572	376
1573	830
1574	332
1575	401
1576	386
1577	241
1578	179
1579	376
1580	197
1581	750
1582	395
1583	359
1584	949
1585	1096
1586	517
1587	467
1588	272
1589	257
1590	123
1591	484
1592	62
1593	416
1594	393
1595	420
1596	400
1597	427
1598	3
1599	530
1600	610
1601	367
1602	304
1603	236
1604	602
1605	882
1606	407
1607	292
1608	448
1609	553
1610	54
1611	548
1612	138
1613	318
1614	441
1615	356
1616	61
1617	279
1618	288
1619	88
1620	382
1621	293
1622	600
1623	362
1624	444
1625	393
1626	482
1627	516
1628	343
1629	504
1630	324
1631	424
1632	354
1633	319
1634	445
1635	60
1636	478
1637	284
1638	508
1639	692
1640	432
1641	207
1642	332
1643	353
1644	710
1645	417
1646	293
1647	337
1648	577
1649	560
1650	13
1651	283
1652	299
1653	575
1654	472
1655	444
1656	730
1657	413
1658	386
1659	394
1660	313
1661	143
1662	288
1663	487
1664	387
1665	760
1666	923
1667	332
1668	200
1669	318
1670	333
1671	555
1672	206
1673	372
1674	420
1675	153
1676	420
1677	217
1678	292
1679	330
1680	483
1681	484
1682	438
1683	465
1684	244
1685	660
1686	1236
1687	1177
1688	347
1689	230
1690	304
1691	206
1692	406
1693	263
1694	169
1695	650
1696	377
1697	674
1698	165
1699	315
1700	234
1701	353
1702	426
1703	125
1704	413
1705	624
1706	380
1707	506
1708	331
1709	164
1710	27
1711	287
1712	243
1713	481
1714	46
1715	432
1716	614
1717	377
1718	632
1719	337
1720	627
1721	246
1722	387
1723	443
1724	388
1725	265
1726	148
1727	25
1728	628
1729	1224
1730	203
1731	408
1732	279
1733	240
1734	424
1735	390
1736	453
1737	434
1738	377
1739	217
1740	147
1741	307
1742	163
1743	325
1744	228
1745	313
1746	135
1747	331
1748	393
1749	468
1750	323
1751	10
1752	498
1753	173
1754	462
1755	511
1756	669
1757	512
1758	374
1759	471
1760	432
1761	134
1762	204
1763	527
1764	219
1765	572
1766	306
1767	229
1768	441
1769	416
1770	247
1771	579
1772	58
1773	208
1774	471
1775	371
1776	229
1777	802
1778	365
1779	526
1780	533
1781	808
1782	126
1783	646
1784	267
1785	86
1786	593
1787	1008
1788	247
1789	251
1790	450
1791	156
1792	1168
1793	952
1794	476
1795	558
1796	420
1797	968
1798	68
1799	518
1800	289
1801	17
1802	451
1803	340
1804	501
1805	338
1806	376
1807	131
1808	465
1809	355
1810	375
1811	281
1812	305
1813	319
1814	237
1815	242
1816	267
1817	298
1818	235
1819	399
1820	317
1821	229
1822	415
1823	308
1824	264
1825	178
1826	406
1827	393
1828	353
1829	458
1830	547
1831	564
1832	288
1833	229
1834	333
1835	768
1836	448
1837	415
1838	534
1839	395
1840	201
1841	610
1842	360
1843	492
1844	378
1845	73
1846	306
1847	186
1848	317
1849	356
1850	291
1851	265
1852	263
1853	748
1854	199
1855	461
1856	412
1857	241
1858	288
1859	494
1860	319
1861	615
1862	359
1863	752
1864	396
1865	225
1866	840
1867	286
1868	304
1869	344
1870	25
1871	237
1872	310
1873	532
1874	28
1875	320
1876	399
1877	526
1878	461
1879	311
1880	458
1881	413
1882	407
1883	413
1884	588
1885	520
1886	349
1887	222
1888	572
1889	545
1890	707
1891	492
1892	271
1893	144
1894	306
1895	382
1896	163
1897	579
1898	225
1899	117
1900	857
1901	300
1902	465
1903	137
1904	493
1905	338
1906	296
1907	663
1908	452
1909	343
1910	37
1911	774
1912	838
1913	461
1914	437
1915	703
1916	443
1917	569
1918	549
1919	476
1920	317
1921	343
1922	550
1923	477
1924	311
1925	318
1926	483
1927	271
1928	807
1929	126
1930	624
1931	427
1932	248
1933	312
1934	287
1935	278
1936	322
1937	202
1938	160
1939	415
1940	272
1941	235
1942	355
1943	484
1944	378
1945	401
1946	351
1947	243
1948	916
1949	228
1950	416
1951	373
1952	102
1953	487
1954	392
1955	317
1956	329
1957	382
1958	402
1959	202
1960	204
1961	614
1962	214
1963	568
1964	523
1965	303
1966	244
1967	332
1968	166
1969	733
1970	182
1971	282
1972	325
1973	869
1974	414
1975	537
1976	309
1977	472
1978	320
1979	210
1980	484
1981	240
1982	407
1983	626
1984	341
1985	480
1986	467
1987	481
1988	322
1989	451
1990	197
1991	556
1992	251
1993	921
1994	395
1995	294
1996	302
1997	319
1998	338
1999	604
2000	225
2001	75
2002	328
2003	429
2004	330
2005	319
2006	479
2007	320
2008	271
2009	363
2010	220
2011	612
2012	328
2013	438
2014	303
2015	401
2016	376
2017	262
2018	655
2019	250
2020	267
2021	292
2022	1508
2023	405
2024	328
2025	147
2026	123
2027	347
2028	348
2029	329
2030	500
2031	380
2032	333
2033	819
2034	369
2035	569
2036	280
2037	199
2038	334
2039	563
2040	309
2041	458
2042	553
2043	363
2044	356
2045	465
2046	399
2047	388
2048	131
2049	252
2050	443
2051	468
2052	630
2053	230
2054	969
2055	303
2056	349
2057	1
2058	341
2059	279
2060	748
2061	1069
2062	242
2063	445
2064	314
2065	306
2066	259
2067	227
2068	281
2069	485
2070	176
2071	350
2072	200
2073	621
2074	204
2075	150
2076	85
2077	224
2078	455
2079	153
2080	416
2081	19
2082	303
2083	870
2084	349
2085	129
2086	357
2087	192
2088	370
2089	199
2090	299
2091	336
2092	273
2093	397
2094	562
2095	297
2096	403
2097	484
2098	312
2099	291
2100	289
2101	296
2102	471
2103	331
2104	655
2105	359
2106	0
2107	514
2108	366
2109	1522
2110	133
2111	514
2112	585
2113	357
2114	442
2115	553
2116	214
2117	407
2118	328
2119	226
2120	736
2121	853
2122	493
2123	566
2124	295
2125	315
2126	465
2127	486
2128	621
2129	203
2130	424
2131	933
2132	41
2133	138
2134	429
2135	349
2136	315
2137	303
2138	356
2139	323
2140	334
2141	149
2142	127
2143	396
2144	547
2145	304
2146	28
2147	268
2148	619
2149	388
2150	305
2151	379
2152	776
2153	687
2154	425
2155	797
2156	544
2157	366
2158	511
2159	43
2160	408
2161	249
2162	330
2163	575
2164	530
2165	246
2166	371
2167	302
2168	272
2169	548
2170	255
2171	463
2172	199
2173	269
2174	441
2175	277
2176	427
2177	289
2178	430
2179	561
2180	339
2181	360
2182	427
2183	537
2184	961
2185	145
2186	519
2187	658
2188	866
2189	418
2190	503
2191	697
2192	665
2193	278
2194	411
2195	342
2196	335
2197	123
2198	430
2199	457
2200	214
2201	439
2202	676
2203	471
2204	187
2205	215
2206	227
2207	590
2208	453
2209	466
2210	318
2211	325
2212	156
2213	317
2214	366
2215	430
2216	163
2217	101
2218	381
2219	502
2220	818
2221	532
2222	414
2223	459
2224	213
2225	511
2226	377
2227	469
2228	875
2229	388
2230	438
2231	377
2232	556
2233	333
2234	143
2235	573
2236	838
2237	395
2238	327
2239	224
2240	966
2241	303
2242	501
2243	275
2244	249
2245	334
2246	325
2247	264
2248	339
2249	1423
2250	497
2251	334
2252	377
2253	485
2254	300
2255	690
2256	623
2257	125
2258	253
2259	50
2260	565
2261	403
2262	756
2263	405
2264	380
2265	728
2266	399
2267	248
2268	331
2269	337
2270	356
2271	547
2272	514
2273	477
2274	571
2275	236
2276	393
2277	659
2278	139
2279	496
2280	409
2281	224
2282	421
2283	158
2284	547
2285	470
2286	199
2287	366
2288	521
2289	585
2290	445
2291	149
2292	608
2293	292
2294	409
2295	422
2296	67
2297	422
2298	108
2299	294
2300	279
2301	909
2302	246
2303	844
2304	462
2305	128
2306	508
2307	480
2308	864
2309	409
2310	783
2311	448
2312	662
2313	649
2314	123
2315	243
2316	499
2317	249
2318	417
2319	185
2320	599
2321	742
2322	345
2323	893
2324	353
2325	478
2326	294
2327	381
2328	229
2329	450
2330	461
2331	362
2332	451
2333	523
2334	645
2335	315
2336	463
2337	522
2338	277
2339	414
2340	589
2341	450
2342	391
2343	212
2344	403
2345	388
2346	354
2347	362
2348	620
2349	452
2350	439
2351	379
2352	33
2353	354
2354	916
2355	298
2356	106
2357	1642
2358	753
2359	187
2360	179
2361	105
2362	48
2363	392
2364	451
2365	569
2366	268
2367	560
2368	467
2369	436
2370	317
2371	255
2372	767
2373	368
2374	536
2375	119
2376	246
2377	493
2378	267
2379	223
2380	527
2381	10
2382	291
2383	273
2384	244
2385	578
2386	158
2387	738
2388	618
2389	386
2390	465
2391	524
2392	614
2393	415
2394	163
2395	609
2396	451
2397	389
2398	510
2399	467
2400	37
2401	922
2402	352
2403	221
2404	534
2405	227
2406	12
2407	359
2408	161
2409	514
2410	468
2411	194
2412	380
2413	415
2414	241
2415	849
2416	95
2417	211
2418	716
2419	202
2420	512
2421	324
2422	576
2423	238
2424	201
2425	330
2426	315
2427	243
2428	805
2429	475
2430	35
2431	300
2432	100
2433	326
2434	477
2435	49
2436	194
2437	185
2438	416
2439	386
2440	374
2441	243
2442	1055
2443	206
2444	253
2445	508
2446	1180
2447	288
2448	487
2449	623
2450	732
2451	251
2452	248
2453	363
2454	407
2455	23
2456	327
2457	475
2458	633
2459	558
2460	465
2461	378
2462	504
2463	346
2464	624
2465	542
2466	455
2467	396
2468	400
2469	176
2470	339
2471	144
2472	345
2473	360
2474	439
2475	328
2476	375
2477	386
2478	325
2479	803
2480	365
2481	280
2482	260
2483	216
2484	568
2485	271
2486	333
2487	759
2488	346
2489	589
2490	61
2491	225
2492	484
2493	259
2494	301
2495	109
2496	381
2497	604
2498	572
2499	241
2500	135
